3,2
3,1
3,3
10,212
10,148
10,186
10,192
10,242
10,80
10,248
11,20
11,4
11,14
8,6
8,10
8,13
8,14
8,12
8,2
8,3
2,2
2,1
2,3
60,4
60,3
60,2
60,1
60,0
59,4
59,3
59,2
59,1
59,0
57,3
57,2
57,1
57,0
56,5
56,4
56,3
56,2
56,1
56,0
55,4
55,3
55,2
55,1
55,0
53,5
53,4
53,3
53,2
53,1
53,0
50,5
50,4
50,3
50,1
46,3
46,1
44,3
44,1
39,3
39,1
36,3
36,1
20,3
20,2
20,1
19,3
19,2
19,1
18,3
18,1
14,3
14,1
13,3
13,1
12,3
12,2
12,1
11,28
11,26
11,25
11,24
11,23
11,22
11,19
11,18
11,17
11,16
11,12
11,11
11,9
11,8
11,7
11,3
11,2
11,1
10,295
10,285
10,283
10,279
10,270
10,257
10,246
10,226
10,224
